8148
9058
1269
9134
6324
975
2785
5469
9576
9649
1576
9706
9572
4854
8003
1419
4218
9158
7922
9595
6558
357
8492
9340
6788
7578
7432
3922
6555
1712
7061
318
2769
461
971
8235
6948
3171
9503
344
4387
3815
7655
7952
1868
4898
4456
6463
7094
7547
2760
6797
6551
1626
1190
4984
9598
3404
5853
2238
7513
2551
5060
6991
8909
9593
5472
1386
1493
2575
8408
2543
8143
2435
9293
3500
1966
2511
6161
4733
3516
8309
5853
5497
9172
2858
7572
7538
3804
5678
758
539
5308
7792
9341
1299
5688
4694
119
3371
1621
7943
3112
5285
1656
6020
2629
6541
6892
7482
4505
838
2289
9134
1523
8258
5383
9962
781
4427
1066
9619
46
7749
8173
8687
844
3998
2598
8001
4314
9107
1818
2638
1455
1360
8693
5797
5499
1449
8531
6221
3509
5133
4018
759
2399
1233
1839
2399
4173
496
9028
9448
4909
4893
3377
9001
3692
1112
7803
3897
2417
4039
964
1319
9421
9562
5752
597
2348
3531
8212
154
430
1690
6491
7317
6478
4509
5470
2963
7447
1889
6868
1835
3685
6256
7803
811
9294
7757
4868
4359
4468
3063
5085
5108
8177
7949
6443
3786
8116
5328
3507
9390
8760
5502
6225
5871
2077
3012
4709
2305
8443
1947
2259
1707
2276
4357
3111
9234
4302
1848
9049
9798
4389
1111
2580
4087
5949
2622
6029
7112
2217
1174
2967
3188
4242
5079
855
2625
8010
292
9289
7304
4886
5785
2373
4588
9631
5468
5211
2316
4889
6241
6792
3955
3674
9880
377
8852
9133
7962
987
2618
3353
6797
1365
7212
1067
6538
4942
7791
7151
9038
8910
3341
6988
1978
305
7441
5000
4799
9048
6099
6177
8595
8055
5767
1829
2399
8866
286
4899
1679
9787
7127
5005
4711
596
6820
424
714
5217
967
8182
8176
7225
1498
6596
5186
9730
6490
8004
4538
4324
8253
834
1331
1734
3909
8314
8034
604
3992
5269
4168
6569
6280
2920
4316
154
9841
1671
1062
3724
1981
4897
3395
9517
9204
526
7379
2691
4228
5479
9428
4177
9831
3014
7011
6664
5391
6981
6665
1781
1280
9991
1711
326
5612
8819
6692
1904
3689
4607
9817
1564
8556
6448
3763
1909
4282
4820
1206
5895
2262
3846
5830
2518
2904
6171
2653
8244
9827
7303
3439
5841
1077
9063
8797
8178
2607
5944
225
4253
3127
1615
1787
4229
942
5985
4709
6960
6999
6385
336
688
3196
5309
6545
4076
8200
7184
9687
5313
3251
1056
6110
7788
4234
908
2664
1536
2810
4401
5271
4574
8754
5181
9437
6377
9577
2407
6761
2890
6718
6952
679
2548
2240
6678
8444
3444
7805
6753
67
6022
3868
9160
11
4624
4243
4609
7702
3225
7848
4714
357
1758
7218
4735
1527
3411
6074
1917
7385
2428
9175
2690
7655
1886
2875
911
5762
6834
5466
4257
6445
6476
6790
6358
9452
2089
7093
2362
1194
6073
4501
4587
6620
7703
3502
6620
4162
8420
8330
2564
6135
5823
5407
8700
2648
3181
1192
9399
6456
4795
6393
5447
6473
5439
7211
5225
9938
2186
1058
1097
635
4046
4484
3658
7635
6279
7720
9329
9728
1920
1388
6963
938
5254
5303
8612
4849
3934
6714
7413
5201
3477
1500
5861
2621
444
7550
2428
4424
6878
3592
7364
3947
6834
7041
4423
195
3308
4243
2702
1970
8218
4299
8878
3912
7691
3968
8085
7551
3774
2160
7904
9493
3275
6713
4386
8335
7689
1672
8620
9899
5144
8843
5880
1547
1998
4069
7487
8256
7900
3185
5341
899
1117
1363
6787
4952
1897
4950
1476
549
8507
5606
9297
6967
5828
8154
8791
9890
5
8655
6126
9900
5277
4795
8014
2278
4981
9009
5747
8452
7387
5860
2467
6664
834
6260
6610
7298
8908
9824
7691
5815
9284
5801
169
1208
8627
4843
8449
2094
5523
6299
319
6147
3624
495
4896
1925
1230
2055
1465
1890
426
6352
2818
5386
6952
4991
5358
4452
1239
4904
8530
8740
2703
2084
5650
6403
4170
2059
9480
820
1057
1420
1664
6210
5737
520
9312
7287
7379
634
8605
9344
9844
8590
7856
5134
1776
3986
1339
308
9392
3013
2955
3329
4671
6482
252
8422
5590
8541
3479
4460
542
1771
6628
3308
8985
1181
9885
5400
7069
9995
2878
4145
4648
7640
8182
1002
1781
3596
567
5219
3358
1756
2089
9052
6754
4685
9122
1040
7456
7363
5619
1842
5972
2999
1341
2126
8950
714
2425
537
4417
132
8972
1966
933
3073
4561
1016
9954
3321
2973
620
2982
463
5054
7615
6311
899
808
7773
9052
5338
1091
8258
3381
2940
7463
103
484
6679
6035
5261
7297
7073
7814
2880
6926
5567
3965
615
7802
3376
6079
7413
1048
1279
5495
4852
8905
7990
7344
513
728
885
7984
9431
6837
1320
7227
1103
1175
6407
3288
6538
7492
5832
7401
2348
7350
9706
8670
862
3664
3692
6850
5980
7894
3676
2060
866
7720
2056
3883
5518
2289
6420
4845
1518
7820
1006
2940
2373
5309
915
4053
1048
1122
7845
2915
6035
9645
4325
6948
7581
4326
6555
1097
9338
1874
2662
7979
4876
7690
3960
2729
372
6733
4296
4517
6099
594
3158
7727
6965
1253
1301
923
78
4231
6556
7229
5312
1088
6318
1265
1343
986
1420
1682
1962
3175
3164
2175
2510
8930
7032
5557
1844
2120
773
9138
7067
5578
3134
1662
6225
9880
1704
2578
3968
740
6841
4024
9829
4022
6207
1543
3813
1611
7581
8711
3508
6856
2941
5306
8325
5975
3353
2992
4526
4226
3596
5583
7426
4243
4293
1248
244
2902
3175
6537
9570
9358
4579
2405
7639
7594
7407
7437
1059
6816
4633
2121
985
8236
1750
1635
6660
8944
5166
7027
1536
9535
5409
6798
365
8092
7486
1201
5250
3258
5465
3989
4151
1807
2554
205
9237
6537
9327
1635
9211
7947
5774
4400
2576
7520
2286
641
7674
6712
7152
6421
4190
3908
8162
3174
8146
7891
8523
5056
6357
9509
4440
600
8668
6312
3551
9971
2241
6525
6050
3872
1422
251
4211
1841
7258
3703
8416
7343
5710
1768
9574
2653
9246
2237
3736
875
6401
1806
450
7232
3474
6606
3839
6274
216
9106
8006
7459
8131
3833
6173
5755
5301
2750
2486
4516
2277
8045
9862
299
5357
870
8021
9892
669
9394
181
6839
7838
5341
8854
8990
6260
1378
2178
1821
418
1069
6165
9397
3544
4106
9844
9456
6767
9884
7669
3367
6624
2441
2955
6802
5278
4116
6026
7505
5835
5518
5836
5118
826
7196
9962
3545
9713
3464
8866
4547
4134
2177
1256
3089
7261
7829
6938
98
8432
9224
7710
426
3782
7044
7295
2242
2690
6730
4775
6237
2364
1771
8297
7669
9345
1078
1822
991
4898
1932
8959
990
441
5573
7725
3119
1790
3389
2101
5102
9064
6289
1015
3908
546
5013
4317
9976
8116
4857
8945
1375
3900
9274
9175
7136
6183
3433
9361
1247
7306
6465
8332
3983
7498
8353
3224
5523
9792
5493
3304
6195
3606
7565
4139
4923
6948
9728
3277
8378
7391
9542
319
3569
6627
2815
2304
7111
6246
5906
6605
475
3488
4513
2409
7151
8562
2815
7311
1377
8368
1386
5882
3661
8068
5038
4896
8771
3531
4494
9636
423
9730
1892
6671
5864
6751
3610
6203
8112
192
838
9748
6514
2312
4035
1220
2684
2578
3316
1522
3480
1216
8842
942
9301
3990
474
3424
7360
7947
5449
6862
8937
547
3036
461
1954
7202
7218
8778
5824
706
9228
8004
2859
5437
9848
7157
8390
4333
4706
5607
2691
7490
5039
6468
3077
1387
4756
3624
7881
7803
6685
1335
215
5598
3008
9395
9810
2866
8009
8962
5975
8841
9438
5492
7284
5768
258
4465
6463
5212
3723
9372
8296
8491
3725
5932
8726
9335
6685
2067
6539
720
4067
6669
9338
8110
4845
7568
4170
9718
9880
8642
3889
4547
2467
7845
8829
9138
5583
5989
1488
8998
4504
2056
8997
7626
8825
2849
6732
6643
1228
4073
2753
7167
2834
8962
8266
3900
4979
6948
8344
6096
5747
3260
4564
7138
8844
7209
186
6748
4385
4378
1170
8147
3248
2462
3427
3757
5466
5619
3958
3981
5154
6575
9510
7224
4001
8319
1343
604
842
1639
3242
3017
116
5399
953
1465
6312
8594
9743
5708
9969
5535
5155
3307
4300
4918
710
8878
646
4362
8267
3945
6135
8187
8863
9312
1908
2586
8979
5934
5038
6128
8195
5319
2020
4539
4279
9661
6201
6954
7202
3469
5170
5567
1565
5621
6948
4264
8363
7314
3600
4542
3864
7756
7343
4303
6938
9453
7843
7056
1093
3899
5909
4594
503
2287
8342
156
8637
780
6691
5002
2180
5716
1222
6712
5996
559
563
1525
196
4352
8323
6174
5201
8639
977
9081
1080
5170
1431
5594
45
7667
8487
9169
9870
5051
2714
1007
5078
5856
7629
829
6616
5170
1710
9386
5905
4406
9420
6559
4519
8397
5326
5539
6801
3672
2393
5789
8669
4068
1126
4438
3002
4014
8334
4036
3902
3604
1402
2601
868
4294
2573
2975
4249
1192
4951
7064
2435
7851
740
3939
33
2206
13
1891
1424
2681
1749
1386
5989
9011
9394
2212
4827
3760
5238
2648
683
4363
1738
261
9547
4306
9616
7624
73
6801
7060
6451
5523
2181
7724
2280
3709
8910
8564
4024
3180
6086
9102
9091
5916
3326
8531
4424
9044
331
5324
7165
1793
3365
1877
3219
4038
5486
487
5527
2748
2415
2431
1541
9565
9357
8187
7283
1758
3604
1888
11
3164
6996
6253
5431
4390
2874
5017
7616
7624
5761
7477
6455
1232
5044
3472
921
1478
1981
6723
4315
6944
2568
97
5323
2794
9463
9065
3927
248
6715
8372
9715
569
4503
5825
6867
7195
6501
7269
3738
5816
1161
576
9798
2848
5950
9622
1857
1930
3416
9329
3907
2732
1519
3971
3747
1311
4350
915
6146
109
5733
7898
2353
4480
5694
614
4963
6423
2212
8371
9711
8464
5060
2789
7466
2369
9574
6203
6003
1726
903
2552
8586
9111
6997
7252
2299
5761
8107
4038
9885
900
3209
5114
606
7257
5566
5294
8300
8588
7891
3178
4522
7523
1098
1097
2699
5246
9727
7104
3118
2914
8504
9117
6393
2553
886
8383
5847
9482
610
5846
2851
8278
1910
4425
3934
8266
6769
2076
3181
1338
6715
5710
1697
1476
4761
9081
5522
329
538
8051
4514
3826
7897
3643
5324
7117
8715
3287
6501
9749
759
5870
4139
3091
2638
7588
9953
1865
7812
1958
9924
8023
4242
7289
4984
8090
3565
732
5910
9102
1937
4324
7492
391
9464
7637
5588
1838
4979
5178
9943
8549
9625
6790
4035
9350
4795
2318
3963
7051
5586
7567
9955
9625
5351
9639
1156
514
3043
5802
5310
9012
5406
4320
5427
7124
166
8010
1425
4785
2568
3691
6618
1696
2788
1982
1950
3268
8804
4711
4040
1792
9690
4074
8445
6153
3766
8772
7849
4650
8140
8985
4292
3343
5967
9020
7021
3774
7350
9541
5428
5401
3111
712
1819
929
4635
93
9151
6428
14
303
2084
4550
1272
86
7271
3541
7805
4367
4365
492
496
911
5940
2411
8414
8572
9637
4889
2203
2262
5368
7621
3476
4612
6393
9174
1615
7157
5777
4333
8843
3930
1789
6333
6240
3279
8030
9995
9810
1270
2322
236
6074
1108
4075
8841
5481
3690
2083
4409
9562
1240
4708
8569
433
6916
9790
2832
1337
6853
9095
6109
9000
1934
7545
3462
4186
1557
8190
6249
7386
8051
672
9508
4976
7552
7424
8312
1565
4573
6181
9322
8351
8955
5825
5828
8550
348
8855
4077
363
7462
1548
1439
6060
2545
3241
4018
4064
3862
6098
1669
1881
946
3232
7696
2341
7404
6928
8241
8280
2933
3094
5230
3253
8319
8103
5570
2629
6806
2336
4564
3846
5386
9918
7552
9805
2348
5286
514
7569
6020
8572
9883
9295
4095
3
5409
2077
2193
3258
959
7476
7485
5433
3381
8324
5526
9576
8929
3565
5464
3467
6228
7967
7459
1255
8224
251
4144
7314
7814
3673
7449
8923
2426
1296
2250
3500
2871
9275
513
5927
1629
8384
1675
5022
9994
3554
470
2136
3978
3337
2296
9362
6832
9622
4380
9404
58
6103
8011
2330
9325
7633
8265
5735
7926
3290
2234
3124
5845
8299
2904
4025
8621
6148
9912
2037
8272
6759
2489
4758
3991
5994
8006
1050
8215
8411
3545
4301
5722
7008
7425
7579
3891
4293
9564
5730
8498
2763
6223
5884
9635
859
5005
5216
901
9047
8844
4390
7818
1484
6198
2606
4457
8440
1962
3038
4833
3378
7985
9875
1590
2369
7023
3755
9738
9724
6437
8601
4019
6319
9853
5595
9336
7204
4840
6390
8877
1987
3954
9922
4023
6589
9014
9954
6532
1084
361
6181
5672
9620
7461
6625
5233
2599
9620
5402
302
6963
5197
590
8901
3302
2297
1139
3109
2284
6520
661
2754
2818
8801
4443
7559
6033
7833
1139
9786
8486
506
4662
3256
6302
2303
5799
6032
5999
4484
354
5138
4077
1080
4599
4509
5511
8054
7009
8723
521
2197
4596
9586
7901
4519
3334
591
7409
5068
1999
4272
1687
7517
3683
9419
171
8291
6266
5388
6505
7267
944
8776
143
2943
1799
9263
681
5811
6372
6513
8647
559
8169
5289
6944
2124
5433
7025
9565
4445
854
573
6295
7962
6912
3453
9469
5202
9539
736
2070
7751
9142
7826
2955
1518
8479
7849
2708
2278
3210
8296
8222
5707
5718
2860
6992
7963
4416
4462
4657
2790
6754
9037
9086
7472
2605
6897
1318
1235
1909
1457
5851
733
8224
7229
9259
4926
6549
8902
5385
2822
9760
364
3262
9731
3650
3091
1209
9158
1354
3321
8975
4996
6153
5831
6983
293
5279
320
8272
3400
8467
2460
5815
9377
477
539
206
6815
5986
1140
7963
6179
702
692
1360
7889
924
2378
2436
1048
8584
6982
7338
6505
5163
3264
6618
1175
1478
197
9643
9704
1238
4674
6567
2902
7546
5581
4278
2672
7538
8984
7285
4068
9384
2554
5332
9548
2677
2501
9277
685
2994
5916
2033
6359
7984
5017
6508
7960
2333
6008
1124
5158
8379
9208
4982
2776
6525
9173
5098
9742
1972
1111
2973
3964
4207
3115
6939
918
4021
2952
3065
1055
5938
2827
1552
6
2836
5508
8709
422
9048
1309
8338
8005
9179
1373
5047
4049
1735
5752
6062
2144
5199
9892
4899
6949
4114
347
2928
8015
3465
833
5111
3668
7395
5247
8046
8169
1894
1237
8210
6379
161
8960
5154
5445
6065
7605
8554
3829
846
7339
3320
8398
3717
8282
1765
1295
8799
440
6867
7338
4372
3798
9797
3990
4402
1568
3260
3140
8945
2470
3107
4089
7080
1436
8714
831
4617
303
7532
7001
2145
6799
5573
8507
5586
9018
4195
3581
4890
2559
9292
4668
2540
4312
7026
4023
1818
8563
5842
3736
2217
2190
5222
4334
7413
704
8474
6799
1366
8584
1998
6074
5430
1623
56
7715
7648
4211
568
5858
1741
7286
5343
2530
9171
7582
8871
688
1835
7371
6967
7770
5019
4255
6112
8558
6708
5236
2988
7040
3816
5677
8879
8430
8988
9390
8155
13
30
874
2607
228
4241
3410
5414
9262
2985
3381
8595
3405
1381
5078
8567
3843
6957
6279
4504
4736
9498
835
2798
4470
5876
8777
4691
4374
7462
4679
8609
4665
4981
4874
2294
855
673
8884
2331
8616
7118
8729
9380
1397
3939
9806
6448
8964
4822
140
6229
2311
5274
7250
6074
5884
4334
2441
4290
101
6088
9580
954
355
8863
2469
89
8150
1405
8799
953
3525
5934
5852
6677
6480
4334
1397
7520
2418
6505
8574
843
9721
314
8354
8357
498
5459
9432
3215
8065
6014
7896
7992
495
2832
6535
4897
9729
7485
5678
2989
2561
8866
4468
8160
983
8596
276
8992
9000
5241
1202
1778
7061
8314
348
7579
9572
3429
6383
3430
2164
7862
7231
2788
5824
4210
920
240
4911
2782
3397
2873
1709
3993
6977
2036
6663
4431
4333
1752
1932
6164
2690
5597
9448
7145
6792
9594
7754
6077
9480
596
2687
9867
7722
4754
6809
4169
3801
2132
3829
296
4723
3334
9759
5554
8463
4081
4620
8263
9913
5240
9255
7390
5674
9688
8245
9597
6464
3796
4766
9119
148
1567
4716
5430
596
6580
8897
1096
4378
2802
9853
6088
2537
1326
5450
8278
8370
8334
2037
5444
8750
1210
8564
8998
2178
769
4742
8351
4694
4138
5027
1254
1322
8705
6030
2653
8648
581
4577
7222
3390
4012
5270
8943
7784
693
2788
3794
8647
4200
2399
5977
4794
8986
9348
8179
7089
7432
8997
652
3359
43
8281
5074
3661
2266
5348
2895
683
849
683
4098
1233
4430
8990
3536
1201
5691
8751
3486
419
1423
766
7406
4565
6683
6993
5714
6287
8778
6624
8755
4675
1413
681
7143
3080
6712
6524
5311
7151
5048
4880
4978
9360
3893
1171
2404
6849
8393
9702
2151
7604
5841
4029
5100
4956
6514
7437
3019
896
8260
3896
7753
1793
1093
9052
8764
9998
8643
368
5447
9977
5110
8735
702
9876
9228
5643
4315
3378
7207
136
3740
9227
5465
4739
4965
3090
9509
9820
5136
9926
4558
4260
2132
1932
8328
7267
5297
8291
5119
5520
2133
5878
1427
522
6833
6086
2196
4063
6299
5553
1275
1692
9
4182
4885
1598
6669
179
1196
9522
9759
309
4939
8628
2429
8343
8136
6290
22
3797
9044
6804
3788
6320
2432
5714
9818
8497
2834
6825
3581
9870
839
2503
8114
844
5313
8007
7388
1416
4379
3504
4785
5874
1458
9054
6402
1629
5659
9317
7831
6857
4662
2603
5693
2487
3193
9108
8853
7946
9259
1788
5175
6270
9132
6640
3892
7400
8177
6004
850
9224
536
5270
1188
3801
8129
2441
8845
7127
3781
2489
2528
7673
498
6853
6203
7467
9773
3839
2602
8775
8061
4611
909
5643
1874
5317
3550
3148
7268
5158
7907
2045
6781
524
8012
6786
9461
915
9085
5100
6149
3161
774
8506
1445
3705
6224
9976
5173
9906
2265
3980
6966
646
7477
4204
8113
3796
3190
9861
7182
4132
986
7346
6373
738
1205
9816
4968
224
538
1408
8935
4658
5609
4945
677
8977
2885
2690
5942
4759
3683
6556
9382
6204
2828
2052
4391
272
8762
6101
2036
5199
538
8622
4429
5480
5669
6804
3714
782
4563
478
7383
380
9543
7424
9375
5134
2409
2599
7590
9934
3567
7529
1100
5971
4306
7307
2612
948
4510
6401
1320
4528
6522
8270
3081
4024
8843
7006
2418
7599
2909
2774
61
3747
4369
3043
2908
2425
9367
8602
3972
4794
5650
4896
2698
9898
1836
8617
326
3319
7488
6444
1692
9523
5433
2514
5786
9155
8956
4825
4427
3117
553
7538
1319
3559
3959
8856
212
8441
2880
2503
4884
7291
2026
2162
9764
5932
3044
9677
8960
1900
17
7118
8678
1183
390
5982
6043
5164
75
6890
9461
8736
1132
3546
2419
5603
6127
3008
7982
7957
7811
3511
543
7087
9930
1624
1135
9129
4817
8518
8099
1867
2472
541
6090
7773
5111
277
9904
5009
3320
1739
6256
5751
7510
1535
3568
1439
8506
3379
2752
60
8019
4974
5378
8709
7229
6681
1788
5505
9599
5960
8086
9846
8860
2138
346
4511
137
4737
9512
2489
3864
4314
8309
8247
4530
3805
9259
7409
7377
9470
5101
7919
4522
8492
3904
7384
9765
5233
4299
2071
3234
1108
3752
3299
3421
8172
5317
5211
7743
1202
6255
3466
3346
5746
8640
1985
6725
9019
1991
2983
4965
8899
5014
2770
5340
5743
4128
147
7028
5067
3813
649
3586
2342
2035
8138
3934
535
3750
7750
1653
9123
3192
3298
2042
7672
699
9501
1582
2864
6871
1411
5121
7213
9289
7321
7499
4073
2395
5209
2190
8424
6629
8163
7939
4691
3095
6876
9869
7700
8296
7061
5953
7529
4967
8652
680
9686
987
5470
4030
1070
7242
6137
7830
5666
8114
5768
9441
8715
5076
7889
4730
8288
3225
9762
2782
728
7512
8312
9224
3270
8041
5383
4633
8208
9520
762
7087
2349
3989
2681
8325
9954
6498
7040
9323
6877
5684
3808
6346
3632
4076
3687
4684
5034
9106
2064
3386
5741
4869
2622
5796
8784
609
4409
842
5632
5393
7681
2331
5874
4590
8610
6609
3539
3472
2537
9526
2982
1584
3613
7417
7059
7009
62
3743
9015
3183
5971
2978
1250
3883
8177
9812
8620
838
3377
2361
3178
9845
5483
7493
8419
1669
9031
1051
7451
7294
7175
1334
4458
5088
5305
8598
6777
8059
5312
9559
666
5415
2816
4809
6849
2082
6082
3262
8809
1334
1024
9592
1529
1525
1555
895
4544
6689
8313
7903
7127
4726
7086
9581
5058
3050
7898
2364
2343
4647
6194
6153
1226
1238
2844
7358
4113
8290
9352
3991
522
5712
7477
3202
4929
2216
9393
4823
5400
2210
959
601
8195
7715
1957
8952
6843
6569
9904
336
4242
4900
5835
832
6602
523
5568
7120
4879
6176
2137
6457
3806
1037
3775
2628
2413
6229
5229
4132
2178
8586
8610
2839
6154
7795
9549
9196
3848
1626
7968
1138
1588
3558
8478
5828
5862
9259
5751
99
8094
6088
4799
2684
2581
4810
2273
486
1692
2584
1979
6057
8237
8106
8023
7081
8594
7811
2038
9934
936
6506
2151
2438
3397
1978
5068
9508
3946
5845
6065
7147
4015
8587
9205
7509
2856
7968
1427
5046
6107
7038
3833
7287
8873
558
1382
8631
4217
4113
9592
7503
9810
2335
962
3846
5003
5703
9767
4929
4009
9950
2610
6653
9643
6712
2992
5311
14
8838
4044
3012
9506
4606
2876
846
5822
1530
731
5806
2870
3619
7248
8583
3479
9618
9536
2060
7683
6155
9190
6025
7022
7437
3851
2515
367
4721
6451
2789
5179
2456
2975
6505
8914
8611
2099
3991
8879
2565
9668
6192
1653
8262
6557
5465
2513
401
2333
3611
6335
9861
2071
7571
8864
4722
1589
8110
4765
1162
8758
6352
972
9085
350
397
9886
6862
3767
5043
7635
488
7260
7013
4589
5823
3391
1706
3992
9198
2260
3610
3245
835
5127
8329
9047
7236
3830
2980
6917
8805
9246
812
4827
1282
2529
8840
1962
1213
5437
3146
3820
7916
8392
6803
4169
6429
2141
6173
6752
6010
3463
3644
1714
7954
4927
3546
7751
2368
8449
8166
8463
3702
3832
8614
4639
5706
6953
9610
5463
6366
5709
9272
8638
1698
1787
2435
7518
1991
9830
7097
1754
8583
9095
9617
5706
5629
1766
5137
5485
1652
4939
5351
1988
6232
263
3188
5330
3268
6022
3619
1349
9139
6406
6588
6753
7446
8422
5167
1518
3807
8211
1713
3300
9665
8063
2222
9998
637
4255
4043
4003
1119
4243
6136
9881
2199
3541
2662
2915
1884
228
4494
2436
8688
5286
9142
9740
5854
1189
9266
5936
8837
4245
6073
707
9248
6421
1045
7002
3958
849
2145
2488
2266
7030
7542
5473
5535
6306
9855
6343
6005
9092
5708
3354
9572
4399
6016
7203
6788
2127
816
2745
8676
5594
4646
4303
7740
6539
6577
1610
4324
5051
3753
4804
3424
7772
3839
7116
4809
7292
9376
5173
9031
2182
8733
827
4654
219
8083
1792
1654
1816
6915
2137
2981
7684
5012
9095
578
4367
5723
5651
8238
1261
3001
21
9512
7663
7513
1388
3493
1513
4967
8087
6329
6884
6396
7293
8599
6270
1806
5733
1635
9061
773
3385
5806
4752
8054
5308
2273
7095
1486
6581
6340
2293
1822
1663
1496
2027
9550
159
9576
256
9712
2976
5251
8624
8964
1890
6607
9413
9758
1079
1789
7466
494
712
4891
8499
9971
43
5426
8614
9092
8454
8789
7462
1175
5090
1688
8311
9281
1695
8838
3879
3826
2714
8679
7415
4479
7097
9444
1741
2446
6409
8086
8534
3981
1155
802
3605
8289
2146
7911
6547
261
7858
9226
4923
8340
1313
7598
9258
8327
2594
2130
5223
3973
4791
9940
6045
9450
4904
4379
7727
7441
4429
530
878
7980
6556
323
5571
7198
1104
2166
8111
1386
8819
9236
127
3771
1678
5402
1016
392
9333
9716
3609
6442
679
2079
396
4694
1501
9914
4271
9554
7243
5809
5403
7055
50
7825
9269
82
8247
7674
9972
2276
9196
6420
1053
2681
7639
8055
1042
4698
2190
9228
3203
8576
2598
8781
1882
7592
316
6424
5669
3764
2125
7922
1454
4891
128
1866
4852
8383
1410
7322
6911
344
4889
9714
1124
7432
6386
5942
4986
5679
4265
762
2906
5613
6333
9308
9778
936
6618
6028
4738
3562
4756
6710
9597
890
7978
5908
9122
1011
2933
515
5041
7684
2830
2253
3313
4532
7374
5099
3825
9055
9653
6283
1320
6183
3830
9912
2868
7062
5352
1932
6895
504
1844
456
8851
8398
1181
4104
1202
5721
9494
2564
9899
3498
2085
6658
9734
6227
635
3735
1662
2313
522
9018
7933
3730
8321
7539
6219
3941
3593
888
3417
5487
4605
6455
5135
8145
971
4637
5898
1871
6113
519
5757
8424
4997
4390
1490
282
7567
7961
2935
1152
3751
8289
8418
6653
9602
9432
1127
6483
4808
665
8978
4972
7713
603
2624
6511
1336
6386
3849
7657
6529
3815
3000
3401
9190
4563
4425
4542
9453
2191
8824
198
3417
7661
3428
6188
4530
101
5991
6016
6494
3427
4933
7018
8878
550
983
6498
7641
9880
1253
3645
6762
3757
8635
2920
1334
6727
2026
8686
7512
4194
2
1494
2738
8725
6013
3212
2843
4353
9038
9251
5053
6276
7193
239
5749
465
4225
4677
226
650
9240
5341
3668
3639
1513
1496
3508
3359
7841
4867
4648
1312
8864
6746
8352
6565
9840
9798
2501
6246
7283
4982
8499
1909
1241
27
1529
5342
5106
3852
3106
35
8153
6384
4483
2441
8034
8240
8522
4672
9707
8413
785
2376
8176
4058
4663
9516
9651
7653
5745
9160
4954
1660
3260
2964
5583
674
689
1668
9475
8111
7105
9703
9985
9875
1501
9585
5305
740
3118
8952
8348
23
6402
8032
2451
641
2631
1027
4837
4189
3813
8868
4205
2838
481
2191
2391
292
7023
76
6109
4081
2489
6525
3203
1036
5356
1648
8835
6665
8478
7627
8070
6330
7104
6887
3209
5317
8732
545
5004
4328
9043
6302
9831
5852
8407
4688
5452
1791
6345
9630
5340
4796
7937
927
8808
38
5115
6785
5658
4785
3205
6016
9132
6825
9468
990
5110
1101
5453
6888
1474
7776
3990
8983
3070
610
2194
828
9504
163
1146
124
2162
114
6425
5170
2455
1937
908
3684
77
6027
4789
3081
7445
8394
2624
5142
4468
3412
8392
9825
6265
1812
1230
5800
3285
2682
5502
1805
6785
556
340
2865
773
9006
8466
3957
1692
4304
4162
7288
4065
9519
9120
9515
3460
2902
8867
2100
1308
5205
9055
4025
2157
787
9331
6029
3775
6649
7922
3335
6927
2038
9588
7119
1669
4428
6330
9300
5293
6265
6808
9232
1528
4057
3125
6939
8907
4907
8059
3264
5499
3888
8969
6761
8284
1100
2792
7677
2160
340
4365
9369
2621
5698
3595
268
5004
8270
2590
458
2464
6607
3294
6595
130
7181
3911
335
4060
7163
9214
9841
9835
8963
8657
8010
5550
4189
1271
6546
8640
2746
8402
707
3788
2681
1529
6310
3164
9592
4987
7386
127
6054
5765
8074
6550
8783
9024
1522
1925
7910
607
3898
2999
7342
1042
7926
7828
5324
2533
709
6258
246
620
1296
4506
6724
8561
4984
487
3138
6416
7864
2891
4979
8185
5951
5364
3309
4117
7940
3432
4626
3678
6796
5678
6518
4911
3984
4775
665
4110
9691
7807
7290
7657
7566
8433
7702
9787
1113
3961
4921
2581
369
9744
7264
1479
1479
7048
3810
764
4108
1430
7990
9303
47
6501
6786
2536
8432
2939
268
933
7979
7114
7834
6239
8254
350
4055
2496
4809
8809
2807
5992
262
1552
8339
1949
8298
3381
6711
523
7343
4995
9433
2898
3765
1137
9649
4325
845
7167
5068
3281
7535
8360
2537
5344
4352
1577
6005
9375
1077
9000
5505
4273
1523
2475
4474
5328
3546
7731
8817
7341
4064
6042
6411
1274
4962
3105
5786
9437
4269
331
9295
9250
3583
2600
7869
5116
5625
6848
924
8726
9430
966
8459
9094
113
5237
6504
3851
6493
7629
5757
6319
2782
8399
4268
6316
8335
2702
4008
5543
4439
903
7444
326
4297
372
9758
5223
9097
3832
8845
2550
9091
8946
3985
6250
5676
8946
2141
38
8806
2351
2448
6409
3045
8257
8837
9454
3908
8014
1571
6252
6990
858
5312
8886
2636
2348
8397
4955
1523
2307
6580
5630
2918
6223
7159
2807
4123
3622
7814
1355
9021
2896
4996
7836
6771
1498
6966
1290
9460
8865
5150
6794
9768
1254
7523
8271
7815
1909
4286
144
3253
1347
4505
5723
7921
4197
5325
9257
8991
5448
9012
518
8086
3349
2287
8224
3482
1654
281
9554
6803
8606
9391
6802
9175
2567
8857
9201
3000
733
7674
849
7288
4479
6513
1695
5315
6338
140
4704
8864
1140
4425
6596
2948
9504
6943
2068
5548
8793
5579
7524
8949
8419
1308
1891
1536
289
90
5965
6091
9190
7336
3011
4956
2581
7329
1167
7461
8098
7453
3371
5843
4689
872
8288
6860
2673
9695
1837
2999
4112
2365
1950
7054
1805
5223
2962
4628
9253
2159
10
9066
6801
5150
5221
1029
9969
3590
6253
3934
76
5453
5091
2468
453
8418
482
3163
7834
9724
5865
7781
7277
6510
6646
9388
5351
3984
6705
4405
1328
4392
5476
3951
3983
7514
5224
4904
886
2508
4476
6380
7095
9927
9322
922
9536
1628
9705
5970
2402
703
3000
8136
767
3545
1320
1581
621
7019
864
6168
1737
6514
4987
2845
8306
8184
9382
3
6404
73
1064
1068
3671
2396
3461
2496
3871
4210
6401
7876
2700
8440
7405
8261
1822
654
6104
7016
1116
958
5978
8123
8146
894
7313
9039
4522
706
2413
7319
404
4245
5402
9539
2089
1163
6462
1084
9835
2483
6064
8167
8301
4890
7608
9151
9010
2142
5471
7847
1944
7469
4756
5833
2605
848
2981
9172
4705
2694
7630
7722
213
8800
7982
3241
6691
2963
9300
2819
1688
7452
4771
6535
9666
3130
764
7914
3654
5851
1833
769
1536
8269
3009
3839
6508
8174
7663
3742
1898
6465
36
2829
6386
5921
3253
9890
1232
7359
1566
4346
8323
3599
762
5569
2739
1320
6997
4859
1827
1012
2016
1347
3238
9506
5321
2477
4373
6691
5477
6091
8632
3807
7490
1567
581
3397
8172
3775
9727
6053
3382
9280
8985
8507
2568
2855
7800
7014
4925
9677
4762
9950
4906
5035
7688
3881
4533
1328
7585
5652
6487
7981
2204
8579
9048
2920
7259
3394
2727
1702
6640
5359
8291
2673
1761
4312
4757
7852
1306
513
6275
290
1362
6946
5157
5426
8085
7937
5019
2766
1196
8866
9703
9426
6381
905
747
1824
316
7250
1441
6359
7899
5663
3774
8216
3049
3194
7850
5037
2610
7325
1629
9211
2222
836
737
7696
8177
7404
7583
9612
4664
7870
4226
9438
13
9813
5702
3465
5575
2998
1590
6653
6842
7924
3486
2500
3450
3286
9275
7561
2882
6062
7661
8462
9020
5957
685
2180
8694
4142
6612
7835
2479
5544
2296
69
7667
218
3931
2525
2042
6623
9148
69
7464
7997
9078
9746
1198
5190
8220
6370
9540
9470
9667
673
4375
3208
1340
1345
8060
5248
9443
9884
4099
3712
2268
4460
2662
4591
4329
2596
1337
4192
5069
3243
6847
4431
4357
7931
8156
7521
7893
5013
5552
6308
979
2457
6157
3049
7670
2672
395
2965
5564
9691
6891
7179
5590
5334
8758
3931
4581
2082
7573
5467
3574
7010
1092
66
5973
6592
5800
9100
6360
5256
2596
511
7320
1643
2804
2594
5471
5413
7881
8696
7876
9695
1804
9306
451
2406
88
6716
9049
5724
1554
5024
5677
1882
3242
7161
5529
1422
3804
3966
5767
194
5776
9322
1068
7322
9706
6089
7197
3027
4590
480
3853
3617
2876
8167
4505
8067
7902
2829
683
549
6375
4243
9056
4173
1540
5400
9371
6610
3946
2590
8479
9451
3770
672
1815
5758
1859
2914
4617
3470
3181
4599
2359
277
6585
1588
8027
4086
3274
7460
7464
1739
1175
1740
6274
8419
5101
1657
7143
9071
2185
8710
2118
8367
8593
5234
4774
8899
650
5095
6208
7336
2300
218
1390
7695
9698
3868
9935
3264
1371
3847
5626
6338
5416
3150
1593
1526
1369
7098
4649
1132
7009
1800
8037
5140
5484
2078
7846
5265
5710
4220
7212
731
5949
8620
4488
6526
3035
6075
2789
7996
7962
9541
4443
4569
5998
8427
312
1872
9436
9480
4530
8109
9289
6727
3723
4057
4388
6787
4651
9533
3547
3390
8959
5454
7493
1248
4532
747
6634
7037
9190
6601
6901
8538
4679
4585
8061
8248
1904
256
568
1429
1714
6259
295
4723
6785
1148
2360
2891
1727
3237
8011
2996
7757
5528
5547
7307
7737
9009
1381
7941
1894
289
1273
1337
1283
9353
2732
9427
6382
8726
3671
2362
1873
5457
2551
3058
155
5875
9626
8499
79
6340
3593
1140
5408
4164
5171
8862
1494
4347
590
3810
7224
951
6672
2964
5986
1518
4364
126
2290
2637
5114
2151
3461
7478
4136
557
3900
4745
8254
3036
8218
5657
543
2600
5891
4797
1986
2390
7802
6173
1441
7162
4015
4624
7073
4012
143
746
5911
4460
9267
949
3754
5460
1116
9045
6333
9055
6306
142
3165
1118
6295
607
6740
4774
3055
5163
7070
8136
3158
3113
3450
6663
8611
7618
8759
8713
1728
8503
9596
7702
8751
674
6468
3241
6404
8798
3736
7668
1681
5197
6275
7139
3064
2637
9160
6150
931
6277
1920
7770
8645
3336
1354
7655
3186
2524
2000
690
5519
4038
7501
4872
3848
614
2137
5439
4106
9010
562
4435
5378
1340
5410
8574
1980
1556
613
6611
186
2911
9739
7647
2437
6821
1378
6298
8571
8998
3484
4863
6795
7041
4609
3643
2802
762
4446
1657
3987
9206
5113
9142
919
9931
964
3131
7854
6024
4659
2981
1331
2950
1666
3171
1098
8321
9716
2182
7061
390
6163
6694
372
33
1424
8624
2760
5317
5222
5676
3330
4134
4143
9840
577
3965
7913
5942
3095
9018
931
3190
8870
6574
6845
4739
1412
9510
8827
4374
8350
3251
3676
7949
993
9518
14
2954
484
4427
7899
9136
5333
8041
5627
7509
92
4768
2503
3079
9670
2088
5205
2255
5672
9982
1318
9547
1238
1862
6465
1281
813
6592
274
9852
5393
3738
7068
9475
3823
6929
6021
7753
5918
3762
8507
2257
7970
9969
2813
7104
6647
4148
4983
9492
9532
7329
3847
400
5829
5647
3552
8802
6245
6240
2957
746
2937
2347
3459
8485
1603
1578
5087
6033
1614
6355
8440
7823
2645
3147
1832
4475
3267
2798
9318
3997
3794
5929
685
2052
7236
5752
2002
8435
4237
5448
5280
1851
816
4641
305
4350
5579
6388
342
7099
1693
5934
6081
7724
562
8548
3843
3996
3254
5554
2954
3661
3490
6302
6645
9921
9444
3503
1930
9196
2887
5509
9194
900
2577
4270
5777
8996
2182
9671
4340
7849
5252
3313
4316
7179
9163
8901
1347
1199
8935
6531
402
5047
8945
3857
2920
2340
2009
3803
5948
2684
6225
8046
1039
7293
6486
4747
9330
964
5991
2335
323
5799
8422
5569
8399
2049
6213
1740
2895
185
7015
9521
7490
7568
5421
2820
2448
2863
9632
2307
5373
2050
4340
1422
3756
7936
8128
9038
5404
8179
7084
432
1459
2333
2467
1702
2350
2754
9517
3467
2973
4044
3022
7573
3597
1249
6172
3555
3629
684
8672
4579
776
9050
2817
6139
6619
2000
9600
6651
5413
8690
5571
214
4827
8080
7360
5723
89
7183
4494
6596
7532
8048
291
7798
5674
761
2516
1334
5645
5410
689
9885
2511
3155
3006
420
5279
2560
4087
9476
9193
1212
5920
3596
7193
5236
2608
4931
8559
7244
1991
1573
3705
8623
6848
6342
1413
793
8762
4204
4877
4603
5157
2720
2316
8996
9087
6037
3652
5986
6685
8946
873
5390
4284
6172
5589
2258
1045
99
591
3226
7795
3355
6196
9929
6480
5398
2322
7399
8890
8598
5971
6548
9151
4332
2897
6319
2954
6220
475
9947
2067
6074
3476
7178
279
668
9271
877
3324
5262
2466
5429
7809
5219
9320
1471
4168
2803
5981
364
636
3229
983
1700
3712
397
7093
6414
1740
621
4067
4631
2026
8696
5980
230
8995
4529
580
1062
9985
8664
6152
269
3225
4638
990
5710
3259
4505
5779
748
573
3009
5217
5619
2415
9128
8258
4445
9821
5783
2344
8106
4513
2499
9555
1426
5126
9720
6483
6147
4696
5778
9114
3762
2287
4235
2736
4446
6275
5346
3854
8735
3003
4000
5177
618
2313
1184
987
8903
333
8391
5073
1137
4904
5995
902
9783
6530
4611
8638
2628
8240
3290
9413
2441
9572
5108
5646
9938
7710
3138
578
440
8130
4121
3842
5231
8922
4059
6044
948
3360
1448
2449
3790
2703
2156
6337
7997
2085
8963
7457
5364
9700
5649
2177
8578
8620
3133
3270
8400
4925
519
7780
4267
2799
3335
3669
7948
386
7267
8727
2858
6569
2319
6220
751
9668
6100
3837
305
8576
6036
8479
5046
79
9191
4107
7324
1511
8153
9096
7780
7571
4052
7019
5655
5847
3449
7043
1608
15
5620
5465
5508
6946
9275
9443
9033
6041
9263
1169
3408
367
5384
7373
1812
4262
981
3032
7802
5370
7691
6390
8932
606
1757
4163
7398
8930
258
1375
4241
7646
5244
7545
1698
6727
6187
68
7402
9918
1281
3606
1910
7144
1778
9869
170
398
8044
8598
5663
7541
5195
5859
1907
5034
509
561
3352
6309
8920
6734
6853
6958
7999
6606
5199
3317
9342
2465
5112
7403
2541
8456
5382
9102
3507
9354
9278
5877
1017
3669
2758
2661
2265
13
8930
4535
5784
3156
9941
9839
9646
6663
7262
3340
5228
2733
7184
7780
810
2216
2039
6241
7252
8344
188
2021
4691
3784
3404
638
7614
4027
6743
5511
514
3075
9655
9315
3780
6177
5625
8306
9577
755
8881
5625
1943
2214
7058
5968
5863
9685
5818
998
1666
1021
1462
6716
6399
3724
1628
3895
8000
3998
7551
2952
6400
8852
2096
4804
1129
1323
640
793
6270
4113
6386
8566
7636
9762
7816
9356
7392
2536
7193
6935
7733
7472
3184
5104
7731
5728
9539
1715
9073
7522
2862
6274
4628
1294
5494
9696
4421
5910
1109
1998
1629
368
2727
2301
3585
1343
9986
5135
3878
2498
3647
3990
9263
4955
6092
48
5877
7775
6572
5283
8258
9625
3137
7971
2852
148
941
3287
3055
180
1622
4440
7668
6813
7146
4598
9193
9890
9326
4615
9050
3864
6030
5603
8459
2848
6633
6023
6565
3099
3316
1882
1006
2865
3548
5358
9909
281
7096
9052
8659
1191
9553
4409
8758
8650
3551
6312
8646
209
768
3767
1492
341
7823
3272
8175
1736
6761
8756
7572
2296
3589
3632
2674
3373
869
4516
4547
290
6371
594
1692
6847
5546
60
2881
3766
1465
745
4607
3704
8246
5375
8175
4604
140
49
1662
3659
7182
1594
2787
6450
2872
3219
1554
3877
8958
8878
3936
6755
2522
9500
6247
2069
1096
5659
2743
711
1584
495
6809
7818
8074
2650
8959
6080
144
3440
5337
6278
4467
8111
1448
9749
8338
3401
6163
3037
892
5215
8253
7640
9477
3335
3897
1504
3337
5537
5503
1604
1171
3985
8314
1850
5008
1263
8647
7667
5644
3896
4901
8869
9051
4984
5292
9097
5786
7758
6614
4697
2197
6026
1842
1975
8620
1256
6456
4373
6126
7375
3033
429
8355
3693
6614
8958
2741
9979
8344
7914
6566
5437
3867
8223
5953
7817
9877
7883
8530
4856
8738
3338
2053
4944
312
8276
2642
6775
7939
6819
6508
2373
4774
9365
2411
2091
2724
7758
3314
6031
1840
874
3089
2309
9092
9369
318
5937
438
4249
5216
8404
6250
2552
9047
7673
5627
8972
3681
3377
6189
869
3755
1873
8106
7233
6747
9140
8210
5487
155
946
5148
9525
8431
9351
9735
3725
3209
7833
2122
9592
9303
3657
3449
6927
7166
8004
5937
971
5595
430
7577
6597
5995
2270
7137
7245
3442
327
8437
7703
5096
7070
7912
3307
9137
5767
2879
2668
8902
3661
1500
9464
6509
9823
1938
8288
4938
5908
448
5645
6336
4981
596
5152
532
8437
5947
6910
6472
6235
9539
1769
4749
8424
4970
7624
1798
6916
9145
1626
4281
418
2257
6662
8714
3447
272
9053
4711
9105
3280
6911
174
5123
3318
3361
9534
7505
3339
6328
4155
5765
9595
6159
1505
8383
7262
1088
1613
2970
4236
5284
2751
8280
7928
2737
6157
1015
6700
3474
6695
2953
6804
3938
3918
2069
7245
8193
9265
5141
1931
6029
1982
4104
8531
4291
9257
3731
6983
5886
1008
4124
9248
555
3840
2406
2278
3571
9241
5025
8033
3503
4587
9511
1329
703
7061
9317
1089
6517
1460
6940
6256
437
7980
9863
4367
3447
488
2252
5810
6014
2525
6544
601
9406
925
3340
6511
5039
5309
3791
7689
2825
6493
9222
3307
8135
7877
1243
1574
4150
6874
6577
6800
93
1286
7639
8419
7470
9446
9198
2230
5098
7878
5225
6174
5582
7310
634
4928
2299
3374
5516
7437
4123
5076
1289
2148
2928
4500
2403
2632
8916
5861
9387
6181
2507
1025
5464
4426
6915
7595
3994
5674
2056
9436
5128
2762
2291
9530
6894
7079
6569
7790
5805
5032
8788
3929
2426
2816
9048
7027
8531
3787
6330
315
9201
4697
5199
7663
3362
6260
3269
3111
6461
4337
1028
2361
9718
6989
6595
3261
198
5705
363
2647
1906
4493
7687
6279
3147
2920
782
1719
7213
894
9179
4297
797
5722
8318
3474
7799
7084
5910
3770
3938
4283
4230
2189
4968
398
5648
491
8723
8601
3382
9741
9548
9887
1577
29
2482
3463
2333
7559
2259
4484
2594
3458
9030
127
1322
3881
8407
2132
9353
9698
3752
9849
1220
7610
5794
6212
4899
2204
1441
6352
8024
6697
4716
9445
5915
2267
6839
3206
7489
9982
2697
9319
6964
952
2458
9347
4798
8826
7793
182
7708
6858
8677
5805
6261
1111
2137
363
4445
3266
2873
4965
1817
9338
9402
5915
8
9030
6829
738
9964
3144
8093
4614
5872
4776
5525
1753
5873
1548
4454
5376
4619
8341
9962
9723
7460
1999
363
1886
5776
6283
3648
6366
8913
2535
2863
1254
5286
8208
2998
7877
4370
5505
9862
6898
9702
959
8981
584
1233
6307
3701
3196
7957
3017
6075
4620
2926
8325
5705
705
2663
1708
5603
2021
4924
7294
9550
7624
800
9383
9745
6071
9575
3306
9013
3
4833
1474
3150
1713
5929
6576
3489
536
471
558
715
156
9737
7348
7524
333
1176
2613
8934
9721
9941
3468
2923
1872
7432
7180
1889
4339
455
6555
7811
8629
7854
4335
3478
553
8195
1060
60
2750
9428
6743
3856
8570
6748
6081
4394
9613
8229
105
1416
4828
5806
2930
4389
3983
1373
9528
3600
8370
413
4238
756
3138
9460
8545
1735
5359
2949
9029
813
7875
1744
7200
2320
2071
2161
9767
3818
6353
465
2320
8749
4601
30
4649
8241
8719
3011
2360
8316
4377
5071
1854
1515
9068
9928
3901
8268
9541
8939
8410
6833
1718
2375
4343
250
2686
9802
3127
5718
6117
9016
3960
6928
2045
628
6224
6880
2968
5716
3162
8095
3655
6988
6334
9646
2008
5982
837
5444
8462
407
3293
7094
8603
5009
9948
4286
2673
4729
1608
1589
2683
7571
6092
9670
7733
5729
4502
2870
7524
943
1067
7349
3546
5806
2988
7137
3605
7185
9954
837
4682
938
7252
9121
864
5200
5526
6852
2996
6019
1985
6568
6984
4597
1576
4218
5961
3223
8308
1226
2512
9377
6552
7529
8109
484
4147
7255
1390
6326
2468
8400
8367
4531
3947
9616
81
3984
4878
6181
700
1427
6542
2183
1191
431
1655
5111
8673
7663
1349
649
6725
4822
4954
3135
3235
9091
4503
7487
1852
849
2070
5589
6617
9393
402
1636
4381
3257
899
8104
3995
6553
5669
31
6514
3171
2659
4604
6232
8019
5612
248
7936
2731
8229
6886
6039
3869
655
9986
6611
2291
922
2410
9026
2173
4795
9093
1938
4480
6178
5942
6659
2677
4239
7994
9324
4697
3063
4394
3068
2750
1387
1665
4939
865
9269
1484
1604
7177
6749
3585
904
82
3728
7883
4473
996
8059
6595
4524
5334
5267
6297
6466
1918
8018
1965
4113
2357
2722
86
9283
5202
4641
5235
3368
3324
9883
4737
7469
6700
7956
2725
2839
7173
1846
8337
1696
9533
7226
1342
8531
9317
5642
3988
4416
7017
2600
285
9480
9962
7795
9895
4876
1279
4644
7426
6734
8740
7583
6172
2748
3364
8358
3859
803
8656
4354
1720
42
6525
3697
3761
4413
5161
3001
4783
62
1714
3035
7445
5809
7012
8047
8520
1177
6573
7530
7021
6051
382
1951
3307
6428
2174
769
9806
2067
9833
6104
2480
5180
7129
2598
1146
5497
2189
3122
9732
3092
9463
4106
103
3101
1552
9941
4502
5452
2623
8826
1030
8236
4272
9204
5280
8709
3528
4001
5979
9116
1330
421
4010
5957
9197
2938
5450
7817
3274
952
4417
290
6754
1116
1996
5302
6274
3736
6065
8464
7020
3929
5719
2497
7274
3433
786
3022
3004
232
1761
8610
6560
8566
2709
8960
2088
9642
4144
2295
8184
3604
5015
7477
8319
3945
966
2654
7920
9369
5683
9381
5973
9880
7624
1856
5168
6402
8690
6001
9997
1291
2933
4769
1295
2281
1810
6720
3258
7906
5460
2305
6868
490
5726
9938
3630
5587
9273
2599
8325
1751
8799
2796
8495
8067
1891
9786
2537
7786
8108
4980
9158
1009
1358
8584
186
7284
8167
1162
4886
3474
7739
2853
8244
1730
8637
9261
1911
503
5485
95
8284
9086
7053
2433
5892
9389
8955
6062
7924
8362
5601
6
2513
4319
4306
8753
676
3399
1770
2460
7278
2882
2373
1396
2207
8176
3782
6655
9359
4265
6052
9696
3646
6645
3147
8858
2955
2953
9071
4929
2071
258
1702
3023
9615
7837
6733
8408
4208
7038
4813
8206
4374
8600
88
9961
2752
335
1521
4796
8889
2834
7842
1704
7313
2466
818
8529
6866
9582
9851
5347
9060
4766
8897
238
1287
7407
3910
3936
6019
238
3877
567
6896
5204
760
4063
4302
6593
2184
810
4677
7287
6140
9006
2528
2201
2358
8102
7024
8785
7110
6611
4396
5628
9904
9574
3368
1554
4171
5545
297
8667
8945
4972
2093
7216
6997
4607
1706
7944
8885
1425
9397
2
4388
111
2345
7070
6942
2651
3266
932
416
7593
3249
5218
9519
6690
4731
6494
6657
2301
8049
5028
4340
7091
5553
2550
752
5891
6743
5880
5337
4726
3238
4310
7649
9965
2650
7921
1346
355
4539
5630
2309
1447
6771
3541
5105
6947
5953
5061
7764
6852
3195
8322
6608
5871
190
8370
1140
8405
3375
4294
7938
1415
6081
9307
6365
477
6984
2571
6909
3632
5419
2221
9055
3735
788
309
6269
9370
3199
7452
2889
1243
5141
3875
9787
2918
5924
5714
6159
5609
2798
1518
7330
397
8017
4064
8300
9711
4225
539
7871
6301
5088
5677
3092
7472
3366
8834
3336
7960
8048
502
4025
9652
4144
3305
6364
8581
7883
5384
7417
7397
4448
8504
4945
9482
7978
1330
2377
1277
5341
567
4686
9827
6822
8709
4962
2876
1830
9613
7563
9504
6713
1860
2898
582
440
2795
1704
6771
9025
3520
1001
7930
4684
6874
6831
4214
6594
6334
5251
1913
5119
7484
4198
7375
6865
9558
3079
3423
3870
261
6336
5653
3655
4215
4622
3144
2256
1159
1339
9466
4924
7482
3109
77
6156
3576
6488
8460
1013
5883
5824
5218
4546
9667
1823
5594
6265
301
6423
8382
3951
4373
848
5814
8717
2069
946
1879
6679
7324
6310
4682
3143
6415
5620
6637
1248
6740
6803
9302
8289
1781
9493
1996
2177
85
3006
2744
5865
3965
1864
3928
1546
8323
1497
6796
7501
148
1422
306
8087
471
6662
4560
8030
3584
253
2186
7109
5489
8697
7389
1032
9715
7387
138
6791
4855
347
1144
766
6078
2334
1420
5302
9303
6169
6899
2344
2068
373
6634
5073
4858
8617
9656
7597
2467
6763
7593
5862
8225
9269
6376
189
1843
267
9350
4845
7948
4568
4942
4257
8918
8743
6332
2923
2917
2455
7044
7746
8227
8062
2537
8005
6297
2315
3811
4532
5006
5406
3451
2914
7035
9341
5942
5931
7388
3726
4533
5094
9288
4508
6374
4594
5538
412
8022
6715
2003
145
7632
5675
6542
6348
7344
8874
6659
1206
7138
4472
6410
6489
6784
588
2239
1679
9286
5152
6734
6678
814
2250
2842
9138
2291
2486
6763
6485
7037
8371
7273
194
5838
9209
916
5546
9308
1994
5253
1267
7488
3147
1871
9804
7128
8257
6832
6894
5309
1888
4930
5595
8283
2028
5277
8078
3551
5478
7175
2025
6438
0
5132
5698
70
8925
8332
7752
7882
3736
1523
3522
6451
9320
933
7388
552
7572
4635
450
8421
1647
1150
2715
3144
6061
6775
9877
9933
7576
2750
9541
4111
2166
6291
148
433
1802
2004
7194
4429
8455
3898
8376
7484
5839
1605
5288
4627
3795
932
2591
3358
3751
1462
3168
2812
8202
3421
8720
2680
7755
6092
179
7015
157
6839
8779
4318
6314
5860
2274
7847
2876
9244
2985
5363
3336
2373
5452
1076
1371
944
3109
8127
5136
8665
9805
3266
2196
5182
3530
8595
2600
8438
5828
7194
3435
92
1924
5074
242
5500
2762
6963
8814
246
3412
4214
800
793
723
9004
9694
3913
3136
5533
7921
7983
8633
7980
63
9199
179
294
7115
5384
5246
5022
656
2300
1170
9898
705
600
6616
3440
1285
6371
7465
8053
2690
4340
4018
6082
7701
9412
1314
2557
3783
9938
3409
8996
2375
2200
9911
9512
6382
5041
3581
7685
7844
289
524
3234
7997
6302
9828
1582
6167
3087
850
8769
5907
3031
1680
3399
674
6535
2443
7579
2990
4188
558
308
1865
2709
662
3335
499
1013
718
9046
3118
5918
3776
9516
7424
8871
5989
6896
3911
2232
1312
1724
9386
344
8796
5223
8083
4476
3465
7572
3602
5566
8888
8402
2440
4356
8286
1527
7580
8765
5021
5703
8515
9847
7902
3507
5019
2552
5099
786
559
6350
6169
814
6095
5447
8560
6427
2716
1067
605
6219
6991
2749
4220
3658
821
697
1209
6779
2189
2373
86
7271
5610
5520
7423
8247
3934
1359
1957
7203
6697
598
3843
4912
7742
1478
4855
718
7875
3937
2361
805
790
9275
2047
9566
3397
9600
3431
634
6125
5556
9065
2012
7877
3477
9722
8361
7118
2149
154
2100
5365
1084
8538
9109
3337
4691
28
3109
4852
2621
6831
9112
5705
2653
9285
642
6263
9483
5164
9567
2720
5270
9112
2147
8268
1383
4377
8753
7043
4970
6096
778
2414
257
8465
148
5504
1196
5880
6222
7470
3099
9165
7823
1010
2811
9075
1110
7898
1022
7680
6621
7731
9320
1769
204
8337
4732
1086
890
1151
1679
9726
2860
5990
8522
2448
7272
4008
3106
6538
3918
1193
9786
5183
5078
3250
1972
8629
2678
5387
5515
9633
2696
2657
3100
5573
3782
2457
6762
2613
9615
4976
4278
5678
6130
8070
8808
1599
891
3131
6074
3787
9256
570
9941
6670
6172
1479
289
5725
299
7116
2140
2552
9586
1819
7985
400
3091
9671
2670
1218
6074
6454
8745
8974
531
7595
8589
4817
751
907
2002
7783
4073
8271
1479
7329
1499
8385
5454
9612
755
9339
3594
669
9660
6495
4206
5965
3471
2176
378
1534
3734
8769
4411
6378
3878
8372
7663
1255
926
6603
3777
1078
6238
6216
9117
6061
4853
5767
9821
5186
3487
9829
9921
8962
7416
6648
7334
4359
3996
2179
8817
9421
9490
1064
579
1637
5275
697
101
916
6074
560
6581
5758
738
2415
3512
1267
7394
4457
176
6817
8809
1398
8109
2528
243
5307
9349
7694
4047
7178
4813
4412
9424
5788
7836
7148
1421
6929
3936
1277
6409
4975
639
5235
3145
8549
90
2026
8806
2180
3177
3439
8001
5711
8133
861
1921
6295
638
7430
6034
7985
1606
7380
7571
8813
4292
1875
3030
3207
4420
3619
6256
9389
2869
2446
9209
9263
3099
764
7809
1307
4615
4402
6050
1270
5991
1321
1153
4411
2711
9442
5166
4453
3086
4696
7795
1688
224
7088
6052
4137
9148
4772
9163
4969
9276
7037
6947
45
5402
4130
6281
5435
2160
5521
8628
49
1250
7751
203
1426
3204
9048
6142
158
3114
1927
2754
267
8307
7643
7212
8227
7646
1205
3843
279
13
69
1678
1504
5155
4189
5938
2770
5928
5851
1216
786
320
1681
5242
8414
3064
1911
651
9461
2447
6254
2066
2417
7434
1560
8232
939
9798
6532
2841
8673
301
7610
8962
6189
7208
4638
7589
71
1935
914
1679
9423
8495
1372
6607
384
1481
1847
6454
8566
8534
4940
7809
2746
9674
9906
844
3298
2683
2159
7670
3650
1540
1650
8934
9458
5175
183
4193
1220
9519
2702
8937
8952
7756
9089
166
9593
752
2851
4881
9706
5681
2739
1290
1552
2688
4339
3959
4252
6144
4468
120
342
3988
9795
5428
9124
3241
2905
8790
7792
3944
8824
4257
4664
4249
4552
6954
955
7335
1300
4965
2596
5917
2276
9552
630
1832
6243
2914
1372
1889
9567
2966
2372
6602
42
781
3096
2239
6953
7003
8519
5591
5703
5309
8589
4463
3834
5954
3050
1011
3719
2221
6432
7767
4300
6211
2791
4780
3147
8272
7432
1443
682
5321
7440
8358
7207
8877
1628
2012
8820
4620
1870
7249
8836
7980
8430
5381
2096
5304
8433
2153
7167
8627
4713
4605
9426
6284
8064
4015
3214
3788
7190
1930
4900
1207
1399
9472
6310
4386
7078
5296
6524
7782
6180
5021
4854
1101
9166
4326
4270
292
5104
9637
2753
7434
1168
7694
7657
5408
1693
9302
2082
197
6016
6074
4689
5963
7235
4081
5976
4257
1218
3499
5468
1271
815
2894
6768
4570
4992
584
736
3379
3361
9850
7517
6465
8829
5119
3762
8838
2457
1640
6586
2556
1576
2766
2987
59
2286
6701
9817
2561
6192
9719
4922
3010
5971
5434
1297
5522
1490
2585
5287
8134
7186
5008
8940
9508
4624
2876
9264
4963
8774
2132
1144
1243
5741
4664
3740
7546
4556
7060
9296
8205
398
9662
8880
6388
109
9773
3855
3996
5103
5516
9589
8554
4767
8779
3899
491
3074
3202
4613
4881
7068
3673
9415
2682
7454
9091
5846
9065
566
5567
29
1531
4075
2334
5353
3116
7087
5871
2392
640
33
1890
4912
6165
1227
1330
3142
878
4088
2823
6306
2197
6543
1934
946
9184
5582
4176
1104
5527
1112
2360
1386
3282
3464
9288
8884
7901
744
4198
3967
4129
9740
2379
1085
8001
448
9600
8017
9606
7658
6082
9891
5626
4959
2530
1959
4927
7109
9877
3346
2201
3453
916
6316
3782
8874
4265
8908
2242
7970
8583
4271
5889
917
2506
5938
5206
9141
6633
4997
6348
863
408
7516
3237
664
9233
543
679
5735
4392
273
497
2385
1273
6303
4764
1100
4354
9019
5658
7307
9810
5882
5032
5316
6063
7643
6006
7226
4352
6465
1767
8765
2517
3565
3033
9678
1923
978
6938
960
1994
6071
7097
8906
6027
8625
6760
7850
5367
44
1986
4387
5583
3851
6469
5857
7664
1746
5031
3827
9772
9361
8928
4435
7516
9094
3733
1163
5251
3411
8494
1862
2087
5304
842
2407
6346
1110
6074
8898
4907
3135
7622
9546
6459
4853
4382
1864
4431
4881
8612
7165
6203
897
1117
5756
4617
5455
380
5793
6290
4819
1605
7544
7935
2913
5076
2380
1927
8087
666
1958
9748
5751
5832
9501
1000
8788
8915
2140
1669
6461
1803
1165
3653
4024
898
6838
5469
9860
2127
9190
6652
7435
3784
4748
1062
8838
4451
6682
7282
2856
5937
3705
7957
735
9928
7761
73
8890
8642
6976
8850
4656
3715
830
9973
8699
0
6800
6549
4118
4764
3883
4521
267
4253
1058
431
5561
6113
7389
2569
7263
7133
5038
8928
7794
4949
7615
6671
9782
1170
8694
5679
1201
9704
8400
623
2781
4096
6268
9191
4151
7115
9709
4355
6354
9016
8716
1427
2006
6209
7751
2468
3694
3411
4564
1708
7456
979
8903
821
7816
8487
4509
6053
3545
7591
5894
6116
8432
4570
8828
4936
6229
5622
7217
5468
7845
4463
9119
865
9990
7276
5584
1428
8377
7253
4174
2731
3147
5817
6894
8639
2108
5068
4250
2397
7575
7919
3859
3180
4809
2785
1580
3954
2854
2430
6425
9570
1863
9096
5687
1935
7043
6516
3319
5216
247
222
7986
1078
6888
7751
7915
7095
9466
2980
9959
5545
6561
9454
2246
9816
1706
9411
9570
1750
543
2682
5460
7752
6038
3161
4333
8428
6261
2725
5145
8884
1743
8201
1812
972
313
101
9675
8881
496
6702
9767
2202
840
3589
7332
6022
4514
9128
31
5101
1444
5047
5682
6422
2069
3402
3275
6150
5912
6879
1664
6522
7687
3958
3963
6921
2376
9489
1357
5115
414
3124
3218
9484
2073
4893
4447
8209
174
7885
5408
454
5139
4456
4914
6599
5054
7419
9439
7994
4377
903
9336
3784
7589
8038
8043
5958
3250
7484
4765
5156
4801
4240
1760
2805
8777
8739
4896
6063
7177
1400
5831
1950
633
639
9399
5202
1501
6466
5838
3123
6722
3970
2195
2408
3864
335
3467
5520
5584
668
5819
4759
6620
7861
1900
9616
5351
9146
6457
1534
521
150
1963
5277
1476
731
5548
9813
1628
1566
1636
784
7184
4463
5101
6052
8831
1219
2902
623
1435
679
1851
7687
8977
5183
8447
2287
4284
3683
6961
9444
2179
7530
5198
7601
8809
2375
9397
271
5615
8905
1670
4252
3269
5676
8270
3917
6214
9652
8285
8134
9551
1831
6704
7356
8196
6810
3300
346
1202
2837
8383
9014
4499
9886
337
8595
5286
9755
8773
1613
3534
580
4441
4411
3267
9144
4946
7103
6647
8318
2580
7693
4106
556
8707
9723
1169
5083
7556
1099
338
4411
1297
9716
9402
9332
9838
6931
7025
3713
641
4434
5430
5402
7863
6014
9471
6312
8789
1226
8136
9777
2312
9128
6764
7251
6858
7967
5296
7547
5036
9071
1236
8523
1750
7642
4593
6061
3640
4019
7301
9552
8788
6097
9678
6342
7773
8985
2265
1012
8283
4245
7271
9368
2965
3122
5497
5526
6404
5967
1611
4179
3690
802
2363
9944
9093
7908
1351
5503
538
6766
8223
9114
1472
3048
7799
4872
5492
8783
9883
191
3513
5347
7478
9701
6952
2732
9512
9077
4574
7332
5582
9939
3893
8817
8933
3860
7276
9127
9042
814
333
5724
92
1983
206
7923
1908
9521
7703
8166
4260
3002
6803
8586
8718
8971
8436
4851
4885
653
4570
5956
1100
3438
2640
5802
4354
4151
542
2597
2442
7091
6589
1191
1292
779
7353
5562
8344
1061
2565
541
6566
2774
7092
1303
5240
458
1013
4689
7107
6014
2049
6188
6992
3148
8048
1780
2413
5947
8683
8187
5901
22
9446
7925
3993
8735
6744
2423
1684
8612
3266
3251
4002
7635
1640
6883
6433
8214
3785
1119
8595
7132
5750
7412
7537
5551
8009
6704
5351
6859
9552
6278
8192
1889
7515
2216
4164
7909
4000
451
2010
428
6392
2517
4199
1718
8845
3410
2051
7954
244
397
5298
9334
6022
6012
6439
9220
2192
8849
488
8121
325
4150
5947
1968
7961
2110
1744
6139
9411
6616
2149
9136
3802
349
2273
9069
8690
5825
5608
10
1268
2146
8269
3876
3181
2618
2965
4282
1924
5675
6577
6856
3537
9568
2437
7483
3902
8448
3720
7076
3456
8772
7506
4344
4007
3729
4432
3803
727
4403
6065
3048
4066
1010
4769
2924
162
8845
2103
6837
1544
9744
5027
8914
7265
4972
6072
3493
5262
7969
2737
2927
3481
8760
933
2067
3027
3515
7268
8864
519
785
144
1933
262
4688
2434
9200
7159
4886
780
5301
6661
6077
4195
1108
8166
2493
5092
8042
5098
3027
8620
574
7308
9009
4640
4694